1.0	1.671499313104999
2.0	3.360627845632
3.0	9.350671798224997
0.0	0.0
1.0	1.9067713880080004
2.0	5.525443254051998
3.0	4.725681382105
0.0	0.0
1.0	2.627043205453
2.0	2.226421765124
3.0	0.8394438397540006
0.0	0.0
1.0	3.5672534634499984
2.0	0.19153697951699986
3.0	11.42120945668
0.0	0.0
1.0	2.830545715157
2.0	0.9647792843090002
3.0	0.11131119182500018
0.0	0.0
1.0	0.09286409316499991
2.0	0.15869974376499996
3.0	2.0235371834249993
0.0	0.0
1.0	0.7955625627079999
2.0	0.5032979103489997
3.0	1.4562406054339991
0.0	0.0
1.0	0.0483378033439999
2.0	5.628867140948
3.0	3.419709786865
0.0	0.0
1.0	0.27781843959400027
2.0	3.605588477473
3.0	9.003600869313997
0.0	0.0
1.0	4.236707946640001
2.0	1.3553713298169994
3.0	0.40772579000199993
0.0	0.0
1.0	0.5529959690740004
2.0	1.047456291661
3.0	0.557748375412
0.0	0.0
1.0	0.0
2.0	2.668319280373001
3.0	0.5258892361780001
0.0	0.0
1.0	1.630926968724
2.0	1.6961093584970006
3.0	0.32376534328899953
0.0	0.0
1.0	5.965077278640997
2.0	9.790209915399998
3.0	0.0
0.0	0.0
1.0	1.505676443357
2.0	0.7740415259889999
3.0	0.584277579272
0.0	0.0
1.0	0.7958348107719997
2.0	0.7718949279770003
3.0	1.2233395779930005
0.0	0.0
1.0	1.652167515848
2.0	0.40605778148500027
3.0	0.6097499085969995
0.0	0.0
1.0	0.0006803385299999953
2.0	0.0
3.0	0.2948596931300001
0.0	0.0
1.0	7.699649251897999
2.0	0.22455999772099994
3.0	4.668469985820998
0.0	0.0
1.0	0.32612046275699974
2.0	1.651661601137
3.0	5.6798017322500005
0.0	0.0
